-177.83846356222045 0.021126869466291165
-171.85319652722967 0.08341094660315296
-166.88082083662192 0.15779839308660515
-163.0134175217048 0.23206308953502086
-159.97474348855565 0.3015130854885877
-157.2123125493291 0.3753851668751915
-154.72612470402527 0.44698668103079964
-152.51617995264405 0.5198798463088492
-150.30623520126284 0.5943922017475516
-148.09629044988162 0.6737621276682138
-145.8863456985004 0.7555608388298558
-143.6764009471192 0.8365499549111715
-141.46645619573798 0.9215870463941203
-139.25651144435676 1.0066241378770688
-137.04656669297555 1.0835652785567516
-134.83662194159433 1.1605064192364338
-132.62667719021312 1.2301612041931764
-130.14048934490924 1.306458369814679
-127.37805840568271 1.3809781272655444
-124.33938437253354 1.4572287218938547
-121.02446724546172 1.5285175010355767
-117.43330702446724 1.5950295149947846
-113.01341752170481 1.6642769836711142
-107.48855564325177 1.7316373504687799
-101.41120757695344 1.7823552648993661
-95.33385951065509 1.809226924236695
-89.25651144435676 1.813429921324878
-83.1791633780584 1.7940810615308314
-77.10181531176008 1.7514747430655835
-71.30071033938438 1.6890517239920786
-66.32833464877666 1.6188454891291935
-62.18468823993686 1.546268759871112
-58.59352801894238 1.4721425427335786
-55.554853985793216 1.4020183468388332
-52.79242304656671 1.3295156377023816
-50.30623520126284 1.2620287170578735
-48.09629044988162 1.1908139580377817
-45.886345698500406 1.118789603937363
-43.67640094711919 1.042717274435311
-41.466456195737976 0.9609777793709728
-39.25651144435676 0.8768094990656545
-37.046566692975546 0.7926412187603364
-34.83662194159433 0.7084729384550181
-32.626677190213115 0.6251142532300267
-30.69297553275456 0.551736872989649
-29.146014206787697 0.47101398261246175
-27.654301499605367 0.4040907354747376
-26.571428571428584 0.30751952227836465
-25.200000000000017 0.21911345888837808
-21.08571428571429 0.12270555810748718
-15.94285714285715 0.018272852549379603
-8.057142857142878 0.010339917317409242
0.5142857142857054 0.006435461644464624
8.05714285714285 0.010555810748736683
15.942857142857122 0.01870004593477237
20.964483030781366 0.1228038385002197
24.857142857142833 0.20772622875516777
26.91428571428571 0.33235186035829134
28.75453827940015 0.4711096536196684
30.909234411996806 0.5692938290059053
33.11917916337802 0.6535213254085277
35.329123914759236 0.7361296316504964
37.53906866614045 0.821166723133445
39.74901341752167 0.9070134096967206
41.95895816890288 0.9888121208583629
44.1689029202841 1.0698012369396783
46.37884767166531 1.1443135923783807
48.58879242304653 1.21477797241545
51.07498026835043 1.2894559478762992
53.837411207576906 1.3665664095842098
56.87608524072607 1.4407660300090261
60.46724546172055 1.5192292094397228
64.61089187056035 1.5955023185216954
69.5832675611681 1.670537441069409
75.3843725335438 1.7387977878711744
81.46172059984212 1.7877493130355933
87.53906866614045 1.8140321759508664
93.61641673243878 1.8147023945067149
99.69376479873716 1.794175941868557
105.77111286503549 1.749508835926114
111.57221783741119 1.6837296772468915
116.26835043409625 1.6148150935064476
120.13575374901336 1.5445477920432178
123.72691397000784 1.4686481761583021
126.765588003157 1.3947458698886992
129.52801894238354 1.3203001325594637
132.01420678768739 1.2458506942241465
134.22415153906866 1.1754455302843811
136.43409629044982 1.0993732007823294
138.6440410418311 1.0200624909589708
140.85398579321225 0.9399421860552859
143.06393054459352 0.8557739057499676
145.27387529597468 0.7732248156053028
147.48382004735595 0.6914853205409646
149.6937647987371 0.6113650156372796
151.90370955011838 0.5361022812155545
154.11365430149954 0.4632683320348092
156.59984214680344 0.38995232681194913
159.36227308602997 0.3142112373541912
162.40094711917914 0.24505855555583755
166.26835043409625 0.16954816214382573
171.240726124704 0.09416051876684994
177.0418310970797 0.030736545775850388
