-180.5613919894944 0.0023015516466808883
-177.2417665963991 0.4908318070290629
-175.09422124833804 0.6820483996085871
-171.37801598286762 0.774682837696931
-170.33581232732453 0.8140036181141246
-165.38197119013537 0.6888295927132082
-160.10473555156037 0.6492047657813964
-154.56001967977622 0.698785928778126
-150.4068275364085 0.7834867216075578
-147.0862489609915 0.8688063440450491
-142.3778928336811 0.9523098459398599
-136.27060459093366 0.9348331573887705
-130.7110418034581 0.8524252398889542
-125.70673988380082 0.7720759109778108
-121.25689792525688 0.6866651100485084
-117.36207754673688 0.6011856292162829
-113.74461909538509 0.5143484177514492
-110.40507065712629 0.4310259595255028
-107.06509592981489 0.34391379162172653
-103.72469491345083 0.2530119140401199
-100.66287379297678 0.17158004776256242
-97.60069743162552 0.08699009008681302
-94.26008327073518 -0.005806642333708201
-90.9196112061957 -0.09734013819495324
-87.57921018983166 -0.18824201577655986
-84.23873812529217 -0.27977551163780445
-80.89826606075272 -0.3713090074990495
-77.55800714073953 -0.4609476485213788
-74.21810346160353 -0.5474281981455174
-70.87841292699386 -0.6320138929307402
-67.26099507459949 -0.7184901796643524
-63.36587020389902 -0.806676595980742
-59.19374118434243 -0.8903246324706302
-54.74456234210254 -0.9698403294566416
-49.46297177331948 -1.0481804859381034
-43.70608085987172 -1.1226173982187384
-37.23595862766055 -1.1936957718987937
-31.12459480321303 -1.2474043817636824
-25.01191335805737 -1.3128266397236827
-19.774164564398546 -1.3961502574558522
-16.048657428206127 -1.5159086982064482
-14.710232574212966 -1.4145056502056188
-12.69948508829529 -1.290050800013823
-10.3611293499672 -1.078033313750561
-4.356878736565676 -0.4558212668901409
-0.3597470366659081 0.009677921000794898
3.63893976569787 0.46135224798700625
9.978055776341677 1.1066109133635138
11.98206448491544 1.2909734941424473
13.654836368662927 1.4200314476276048
15.66765732453257 1.5260531499464354
16.548474711245035 1.474095354002555
19.394201195700987 1.3970781352593566
22.977292548421843 1.339448641149648
27.702173835446473 1.2760434731849406
36.96323046618508 1.2084079206552165
44.647757252473724 1.1232279484445091
49.928103509347835 1.0559497248332586
54.37792178516659 0.970749463330502
58.82726048580125 0.8898126252153045
62.99960264988411 0.804269733886501
66.89472752058461 0.7160833175701118
70.51228746932983 0.628343794277223
73.85197800393954 0.5437580994919999
77.19173958672465 0.45854078642713847
80.53214060308872 0.3676389088455323
83.87254161945273 0.2767370312639257
87.21294263581674 0.18583515368231907
90.5534857485317 0.09367003954143605
93.61588946404433 0.007058903370843916
96.39981275111259 -0.07096648708719266
99.46186122574804 -0.15441953185959312
102.80233329028752 -0.24595302772083816
106.1423790657744 -0.33369681390425265
109.48228274491035 -0.42017736352839075
113.10019793453287 -0.511074978219471
116.99574909428591 -0.6030511042136908
121.16862411968461 -0.6933311326397815
125.89625852350744 -0.781211508940475
130.90032361591327 -0.8594554435861572
136.45952039763657 -0.9386095699484422
142.00998471270614 -0.9401320677588152
146.16360314512642 -0.8592209846072136
149.4846080095961 -0.7776910718475523
153.360587934451 -0.6956789195971096
158.62724869800465 -0.6412931075891146
163.90314249490265 -0.6689889620123024
168.7111273102755 -0.7662972789474458
170.52337951047915 -0.8057907673293885
173.89605060812684 -0.6901526148911517
176.1905173307529 -0.5221723053530081
177.84773818986073 -0.25486574282061003
178.67468998960916 0.002085388993876336