-179.9478103	0.011523352
-179.7129091	0.057388633
-179.5954584	0.080493699
-179.4780078	0.117415825
-179.2431066	0.1551541
-179.0669306	0.186133281
-178.8907547	0.218319443
-178.3915895	0.26740334
-177.8336991	0.304417427
-177.5518176	0.339178482
-177.2229558	0.393894957
-176.7531533	0.446680263
-176.5417422	0.49085577
-176.0719397	0.541253936
-175.5786471	0.599049554
-175.367236	0.643579109
-174.5450816	0.684536
-173.488026	0.725251495
-172.548421	0.760253946
-171.608816	0.796463379
-169.8470566	0.824223944
-167.9678466	0.773691669
-166.910791	0.73812596
-165.8537353	0.702882113
-163.9745253	0.668998862
-161.3906116	0.645737045
-158.8066978	0.643981436
-156.2227841	0.66270793
-154.1086728	0.691341075
-152.3469135	0.726458476
-150.5851541	0.762380532
-149.058296	0.79901145
-147.7663391	0.832914207
-146.4743822	0.867138826
-144.9475241	0.902620238
-142.9508635	0.936070857
-140.4844003	0.970085778
-137.9004866	0.957650215
-135.3165728	0.929853075
-132.9675603	0.894675876
-130.8534491	0.861059218
-128.7393378	0.82744256
-126.6252266	0.794362338
-124.628566	0.760656273
-122.749356	0.724044514
-120.9875966	0.689961668
-119.3432879	0.65478679
-117.8164297	0.619573597
-116.2895716	0.584896839
-114.7627135	0.54876404
-113.353306	0.514163916
-111.9438985	0.478222702
-110.534491	0.443354359
-109.1250835	0.406876709
-107.715676	0.370130841
-106.3062685	0.332848536
-104.896861	0.294761578
-103.6049041	0.260000523
-102.3129472	0.224488457
-100.9035397	0.185328627
-99.61158286	0.150567572
-98.31962599	0.114787289
-96.91021849	0.07535924
-95.61826162	0.040490898
-94.32630474	0.004013247
-93.03434787	-0.031284244
-91.74239099	-0.068942053
-90.45043412	-0.104346831
-89.15847724	-0.1410927
-87.74906975	-0.179984312
-86.33966225	-0.219144143
-84.93025475	-0.257767537
-83.63829787	-0.292957741
-82.346341	-0.328577094
-80.9369335	-0.367200488
-79.64497662	-0.402390692
-78.35301975	-0.437741827
-77.06106288	-0.471269079
-75.769106	-0.505869203
-74.3596985	-0.542615071
-72.950291	-0.578019849
-71.5408835	-0.614229282
-70.131476	-0.649365842
-68.7220685	-0.683697748
-67.31266101	-0.716420346
-65.90325351	-0.750752252
-64.25894476	-0.787900448
-62.37973476	-0.82813315
-60.50052476	-0.867762362
-58.62131476	-0.903569468
-56.50720351	-0.939416806
-54.93273543	-0.97311828
-51.79372197	-1.003840246
-49.10313901	-1.028417819
-46.18834081	-1.046850998
-43.49775785	-1.046850998
-38.34080717	-1.022273425
-33.85650224	-0.997695853
-30.2690583	-0.979262673
-26.9058296	-0.951612903
-23.0941704	-0.930107527
-19.95515695	-0.914746544
-17.04035874	-0.908602151
-14.79820628	-0.911674347
-13.0044843	-0.93625192
-11.65919283	-0.970046083
-10.76233184	-0.997695853
-10.0896861	-1.025345622
-9.417040359	-1.065284178
-8.071748879	-1.034562212
-6.950672646	-0.985407066
-6.053811659	-0.933179724
-5.605381166	-0.880952381
-4.932735426	-0.804147465
-4.484304933	-0.702764977
-3.587443946	-0.573732719
-2.466367713	-0.395545315
0	-0.002304147
2.914798206	0.489247312
5.156950673	0.82718894
5.605381166	0.897849462
6.053811659	0.937788018
6.950672646	0.983870968
7.847533632	1.02688172
9.192825112	1.060675883
9.865470852	1.020737327
10.76233184	0.983870968
11.88340807	0.953149002
13.67713004	0.919354839
16.59192825	0.907066052
20.1793722	0.907066052
22.64573991	0.925499232
25.56053812	0.943932412
28.47533632	0.965437788
31.61434978	0.986943164
34.52914798	0.999231951
37.21973094	1.011520737
41.25560538	1.033026114
44.61883408	1.048387097
48.20627803	1.033026114
52.24215247	0.996159754
55.54069268	0.95115812
57.53735331	0.914881633
59.53401393	0.878739255
61.41322393	0.840518188
63.29243393	0.799681995
64.93674268	0.764411326
66.34615018	0.731152292
67.8730083	0.695019493
69.39986642	0.658196991
70.80927392	0.623865085
72.21868142	0.587387434
73.62808892	0.551714438
75.03749642	0.515236788
76.44690392	0.477954484
77.85631142	0.440672179
79.26571892	0.403389875
80.55767579	0.367824166
81.73218204	0.335638004
83.02413892	0.300394156
84.31609579	0.265150309
85.60805267	0.229316382
86.90000954	0.194018891
88.19196642	0.157970389
89.60137391	0.118542341
91.01078141	0.078309638
92.42018891	0.039418026
93.71214579	0.00315495
94.88665204	-0.029674935
96.17860891	-0.065723437
97.58801641	-0.104346831
98.87997328	-0.13975161
100.1719302	-0.17622926
101.463887	-0.211204889
102.7558439	-0.246770598
104.1652514	-0.285393993
105.5746589	-0.323480951
106.8666158	-0.356686342
108.1585727	-0.39134011
109.5679802	-0.428085978
111.0948383	-0.466211253
112.6216964	-0.504796331
114.0311039	-0.539664673
115.557962	-0.57679371
117.2022708	-0.614727401
118.8465795	-0.651971388
120.4908883	-0.687606068
122.2526476	-0.722119979
124.1318576	-0.759335229
126.1285183	-0.794024759
128.4775308	-0.830437387
130.8265433	-0.86787412
133.0581051	-0.903690166
135.5245683	-0.939577736
138.108482	-0.965619267
140.6923958	-0.971032395
143.0414083	-0.935286248
144.9206183	-0.903253354
146.4474764	-0.865549564
147.8568839	-0.828535477
149.2662914	-0.792326045
150.7931495	-0.758185723
152.5549089	-0.721918816
154.5515695	-0.68387656
156.900582	-0.660435931
159.4844958	-0.644050249
162.0684095	-0.657071014
164.417422	-0.68030032
166.0617308	-0.721033696
167.1187864	-0.756116613
168.175842	-0.792808837
170.055052	-0.828828079
171.8168114	-0.785084159
172.873867	-0.74356401
173.9309226	-0.702607118
174.8705276	-0.669616302
175.3403301	-0.620934732
175.8336227	-0.564287087
176.0450339	-0.517536687
176.4561111	-0.476097003
176.7732277	-0.428461483
177.1490697	-0.377285486
178.1885078	-0.317982482
178.7463982	-0.270335467
178.8246987	-0.226117811
178.9812995	-0.182973027
179.4250019	-0.132062693
179.451102	-0.085035134
179.8034539	-0.038365199
